0
0
0
0
0
0
0
0
0
0
0
0
0
0
0
0
0
0
0
0
0
110
110
110
0
0
0
0
0
0
0
0
0
0
0
0
0
0
0
0
0
0
0
0
0
0
0
0
0
0
0
110
110
110
4
196
220
4
196
220
0
0
0
0
0
0
0
0
0
0
0
0
0
0
0
0
0
0
0
0
0
4
196
220
4
196
220
0
0
0
0
0
0
0
0
0
0
0
0
0
0
0
0
0
0
0
0
0
0
0
0
5
50
135
5
50
135
244
236
156
0
0
0
0
0
0
0
0
0
0
0
0
0
0
0
0
0
0
255
0
0
255
0
0
255
0
0
244
236
156
0
0
0
0
0
0
0
0
0
0
0
0
0
0
0
255
0
0
255
255
255
4
196
220
255
255
255
255
0
0
0
0
0
0
0
0
0
0
0
0
0
0
0
0
0
255
0
0
4
196
220
255
255
255
4
196
220
255
0
0
0
0
0
0
0
0
0
0
0
0
0
0
0
0
0
255
0
0
255
255
255
4
196
220
255
255
255
255
0
0
0
0
0
0
0
0
0
0
0
0
0
0
0
0
0
0
0
0
255
0
0
255
0
0
255
0
0
5
50
135
0
0
0
0
0
0
0
0
0
0
0
0
0
0
0
0
0
0
0
0
0
228
28
124
228
28
124
0
0
0