0
0
0
0
0
0
110
110
110
0
0
0
0
0
0
0
0
0
0
0
0
0
0
0
0
0
0
0
0
0
4
196
220
4
196
220
110
110
110
0
0
0
0
0
0
0
0
0
0
0
0
0
0
0
0
0
0
255
0
0
4
196
220
0
0
0
4
196
220
0
0
0
0
0
0
0
0
0
0
0
0
0
0
0
0
0
0
255
0
0
244
236
156
244
236
156
4
196
220
0
0
0
0
0
0
0
0
0
0
0
0
0
0
0
0
0
0
141
63
12
244
236
156
244
236
156
4
196
220
0
0
0
0
0
0
0
0
0
0
0
0
0
0
0
0
0
0
0
0
0
5
50
135
4
196
220
4
196
220
4
196
220
0
0
0
0
0
0
0
0
0
0
0
0
0
0
128
255
0
0
5
50
135
4
196
220
4
196
220
5
50
135
4
196
220
0
0
0
0
0
0
255
0
0
0
0
128
0
0
128
0
0
0
255
0
0
0
0
0
228
28
124
228
28
124
0
0
0
0
0
0
141
63
12
141
63
12
0
0
0
4
196
220
4
196
220
4
196
220
0
0
0
0
0
0
0
0
0
0
0
0
0
0
0
0
0
0
0
0
128
0
0
0
228
28
124
228
28
124
0
0
0
0
0
0
0
0
0
0
0
0
0
0
0
0
0
0
141
63
12