0
0
0
0
0
128
255
0
0
255
0
0
0
0
0
255
0
0
0
0
0
255
0
0
0
0
128
0
0
0
0
0
0
0
0
0
0
0
0
141
63
12
255
0
0
255
0
0
255
0
0
0
0
0
0
0
0
0
0
0
0
0
0
0
0
0
141
63
12
255
0
0
0
0
0
255
0
0
0
0
0
255
0
0
0
0
0
0
0
0
0
0
0
0
0
0
255
0
0
0
0
0
128
128
128
255
0
0
0
0
0
128
128
128
0
0
0
0
0
0
0
0
0
0
0
0
255
0
0
255
0
0
255
0
0
255
0
0
255
0
0
255
0
0
0
0
0
0
0
0
0
0
0
0
0
0
0
0
0
255
0
0
255
0
0
255
0
0
255
0
0
0
0
0
0
0
0
0
0
0
0
0
0
0
0
0
0
0
0
0
0
0
0
0
0
0
0
0
0
0
0
0
0
0
0
0
0
0
0
0
0
0
0
0
0
0
0
0
0
0
0
0
0
0
0
0
0
0
0
0
0
0
0
0
0
0
0
0
0
0
0
0
0
0
0
0
0
0
0
0
0
0
0
0
0
0
0
0
0
0
0
0
0
0
0
0
0
0
0
0
0
0
0
0
0
0
0
0
0
0
0
0
0
0
0
0
0
0
0
0
0
0
0
0
0
0
0
0
0
0