0
0
0
0
0
0
0
0
0
0
0
0
0
0
0
0
0
0
0
0
0
0
0
0
0
0
0
0
0
0
0
0
0
0
0
0
0
0
0
0
0
0
0
0
0
0
0
0
0
0
0
0
0
0
0
0
0
0
0
0
0
0
0
0
0
0
0
0
0
0
0
0
0
0
0
0
0
0
0
0
0
0
0
0
0
0
0
0
0
0
0
0
0
0
0
0
0
0
0
0
0
0
0
0
0
0
0
0
0
0
0
0
0
0
0
0
0
0
0
0
0
0
0
0
0
0
0
0
0
0
0
0
0
0
0
0
0
0
0
0
0
0
0
0
0
0
0
0
0
0
0
0
0
0
0
0
0
0
0
0
0
0
0
0
0
0
0
0
0
0
0
0
0
0
0
0
0
0
0
0
0
0
0
0
0
0
110
110
110
0
0
0
0
0
0
0
0
0
0
0
0
110
110
110
0
0
0
0
0
0
0
0
0
0
0
0
110
110
110
4
196
220
4
196
220
4
196
220
4
196
220
4
196
220
0
0
0
0
0
0
0
0
0
0
0
0
4
196
220
4
196
220
0
0
0
4
196
220
0
0
0
4
196
220
0
0
0
0
0
0
0
0
0
0
0
0
5
50
135
5
50
135
244
236
156
244
236
156
244
236
156
4
196
220
0
0
0
0
0
0